0.05867005181715115   0.615340717425324
0.06067730063839341   0.6671933771441467
0.06336479223681174   0.7032599404977795
0.0667211131429905   0.7573623218547649
0.06940480025160359   0.8047028566645784
0.07074245886712441   0.8407744926712843
0.07275427307613294   0.8790983866426898
0.07409269258961476   0.9129152283581594
0.07677866239211101   0.9534913802942644
0.07811784280355388   0.9850534277184981
0.07878286762150907   1.0143632171780321
0.0807977254223618   1.0436679339844928
0.08213614493584367   1.0774847756999626
0.0848190711464957   1.1270801048010122
0.08750351915306984   1.1721658453195898
0.08951761605596156   1.203725356417286
0.09018187997595564   1.2352899401680566
0.0921944550829252   1.271359039848226
0.09353363549436808   1.3029210872724595
0.09689071729850787   1.3547686743382088
0.09889948791567224   1.402111745474559
0.10090901943079758   1.4472000223196733
0.10224667804631846   1.4832716583263794
0.10628171993375116   1.5260975319006467
0.10761937854927192   1.5621691679073528
0.11030915284157347   1.5914713483872764
0.112320967050582   1.629795242358682
0.11568033154860494   1.6748784465507225
0.11836858404498427   1.7086902156131185
0.12037963735603177   1.7492689038757603
0.12441772283530875   1.7830756002850827
0.1257553814508295   1.8191472362917889
0.13047218791136042   1.8416774249183934
0.13315435322405147   1.8935275483106793
0.13787039878662136   1.91831253122852
0.14393247284228364   1.9543664129494684
0.1479728410154437   1.9814087264850822
0.15269116927189677   1.9994293265292142
0.16079092806724307   1.9971440963195362
0.167542375675614   1.9903543501804593
0.171597961807995   1.9723007778913484
0.17632770353386376   1.956499463566937
0.1776843845984107   1.9362012422927375
0.1797159821544065   1.915900484692001
0.1844502892680415   1.886570404620172
0.18649101759956985   1.8392121155246008
0.1898808180160347   1.7941035480671919
0.19461892961947488   1.753499496539182
0.1973315308506078   1.715157848282019
0.20072285306299478   1.6655396922421377
0.20275977690471783   1.6294553746027476
0.20547389993177276   1.586604137763112
0.20683362458816398   1.5572867393239673
0.2075199545490284   1.5234622886288869
0.2095507912070632   1.5054163253193866
0.21091660304714274   1.4580605725503522
0.21430716436156858   1.410697210801707
0.21702052649066253   1.3701007682533077
0.21838786012666414   1.3182354269018006
0.22177842144109003   1.2708720651531558
0.22314727687301375   1.2144971352191765
0.22586139990006873   1.1716458983795408
0.227901367333636   1.1265424035752056
0.22858617549857838   1.0972275414625978
0.23062538203418462   1.0543788409494987
0.23131019019912705   1.0250639788368912
0.23266991485551816   0.9957465803977466
0.2347091213911244   0.9528978798846475
0.23742096172429625   0.9168110259187205
0.23945712466805827   0.8829815025705667
0.24014649822076692   0.8401378747105415
0.24218266116452894   0.8063083513623877
0.24287127381927662   0.7657195177935987
0.24558615774429268   0.7206134866627265
0.24695044778845002   0.6777673224761647
0.2489866107322121   0.6439377991280109
0.25035166167433065   0.5988368406502127
0.2523885855160537   0.5627525230108223
0.2544262702557377   0.5244134110801961
0.25511183931864123   0.492843754676352
0.2557981692795057   0.45901930398127155
0.25851000961267756   0.42293245001534463
0.259197100471503   0.3868532050290283
0.26056062961769955   0.34626183513370257
0.2612469595785639   0.3124373844386219
0.2653109155885166   0.26958107494591266
0.26599420195753676   0.24477580141577704
0.2687068031886697   0.20643415315861402
0.2693954158434174   0.1658453195898253
0.2714353832769846   0.12074182478548989
0.27482137920364413   0.08690722878426227
0.27618566924780164   0.044061064597700206
0.27754995929195914   0.0012149004111385864
0.2822485042014249   0.0778601520274127
0.28695389719254016   0.13421225502256018
0.28828090323660627   0.20185101110657389
0.2909645903452195   0.24919154591638737
0.2936505601477156   0.28976769785249235
0.29565552627507474   0.34838474044502377
0.29901412987513665   0.39572273892830045
0.3023742552711206   0.4385511488291045
0.3037088702947972   0.4836419620007557
0.3084173068777567   0.5309748878309588
0.3124546314590726   0.5670363785315176
0.3144679674640031   0.6008506839204504
0.31715393726649943   0.6414268358565554
0.3198399070689958   0.6820029877926601
0.32792368700716   0.7270684376989429
0.331961772486437   0.7608751341082653
0.34004783511848446   0.7991762011408394
0.34679243464520604   0.8126796036228887
0.3596158479827327   0.8126314134186889
0.3650212670980112   0.7945727684765043
0.36975633510960726   0.7629878941134391
0.37517240679634056   0.7133621290939476
0.3839600173484735   0.6727428596067169
0.38937152364744043   0.6366458603346428
0.3887087815233684   0.6005716880013998
0.3961496026844479   0.5509383140022976
0.40089227967565444   0.49680549672687047
0.4069817460579145   0.4516867839633143
0.40766807601877886   0.4178623332682341
0.40970347806457996   0.3862876042113166
0.4124145574997907   0.35245554453662553
0.41715495179711415   0.3050871101349071
0.41987211841601335   0.2532166961303264
0.4232581143426729   0.21938210012909876
0.425972237369728   0.17653086328946355
0.43003619337968035   0.13367455379675341
0.43409938849167196   0.09307303859528071
0.4388321738093849   0.06825254710592477
0.4408668149572248   0.03893261234024248
0.44357789439243556   0.005100552665552094
0.45030727595993614   0.06369984097232617
0.45096621359420286   0.1110479847617496
0.4590545589201336   0.1425846689206156
0.4610671340271031   0.17865376860078452
0.4664497262035503   0.22823895239568692
0.47183079658407545   0.2823337247730622
0.4772194759442109   0.3138805542380747
0.4826043508145411   0.3567013551592684
0.48799379107263785   0.38599339033304503
0.49945900154969547   0.41075300998551745
0.5041765689081874   0.4310284043208856
0.516996177755909   0.4422541855728672
0.525091371163489   0.4534977211106064
0.5352158794331817   0.4512048819213179
0.5473666589731427   0.4443948451699462
0.5520979224949336   0.42408394226306223
0.5588539354910708   0.4037654303765681
0.5615688194160868   0.35865939924569634
0.5703518645804535   0.33156889550588287
0.5804953952991723   0.27290619903568847
0.577807142802793   0.23909442997329222
0.5899609659345982   0.22326521605697547
0.5946929903543501   0.20069951885885606
0.6014528078402926   0.16910703551618056
0.606824747445285   0.2502593393883896
0.6162933616725551   0.19159917924473246
0.6109069650063027   0.153287966906011
0.6136203271353967   0.11269152435761187
0.6095837634520418   0.0743752393658168
0.6102716152088284   0.036041200088263725
0.6311643514232596   0.12389955132383523
0.6325347286511054   0.06301503280738352
0.6460201232147431   0.10129580922766301
0.6312115270968445   -0.015897694732810663
0.624482906427305   -0.07675177733082084
0.6467665641145304   -0.11065739047507916
0.6406588361812053   -0.011423614721854047
0.6386089770741443   0.06299220586855192
0.6527738535169971   0.0877416802148776
0.6601804342698295   0.13957404932140527
0.6439733076995263   0.16669245265312416
0.6493475299984021   0.24108037365162494
0.6783849179878814   0.1936206314945812
0.6884995345840804   0.2206401180913633
0.6972863842382524   0.18227564289536868
0.6750285970817026   0.13951825013759533
0.6595435626764331   0.026836871086130643
0.6649565907713222   -0.013769716768415652
0.6804842354624103   -0.027356818026180285
0.6946628080685618   -0.04319364092210698
0.6764111486769252   0.04255702296136388
0.6831374866525816   0.11017548843308234
0.7054234270336899   0.06950549241511528
0.712161178478762   0.10330204351829053
0.7074185014875555   0.15743486079371793
0.7276842577820838   0.1032437080079438
0.7377981134803218   0.132517988895962
0.7364323016402423   0.1798737416649967
0.7627563275006276   0.17301044205635163
0.7661529759987419   0.1076087259778169
0.7290706138671116   -0.004991490624469019
0.71287185717438   -0.0026758244963493993
0.7486492793028144   -0.023103398423926613
0.7547014616849832   0.0422628090830921
0.7735892317720553   0.07150411772613241
0.7897780967912933   0.09850077738408336
0.801922028249605   0.11198388925383806
0.7971702204828659   0.19317423802409994
0.7809790727697445   0.17294196123985772
0.7876993235617126   0.2585987810414663
0.7635012466044929   -0.034433169063918356
0.7770102290049229   -0.06605101567196225
0.7520383188213182   -0.06595717159009995
0.7432819050855882   -0.11778446804355402
0.7628582878274079   -0.12913199296930333
0.7655609973850473   -0.13816131544039534
0.7851472718003606   -0.17882116615221566
